$ANSIBLE_VAULT;1.1;AES256
32663434383332633734616261643938333562613230643665343561343330373264373931336663
3430336537313566383661376432326266323939303034390a353066613932343265643765323639
32613637626330303764616231383664303334623636376661386663346634306130613865643064
6436356139666635640a376130306665373430313034303765636165663430613535303039353965
33356636323339623461663166396135616339383038623066333465336666613832306362313833
63363661313437303264613039336532336562666137313834636134356238613334316334313332
65363966373466626330343132636234383734663632636433323838303566343966333563343662
37633763326138366439373366323361373139393665646566656633626430396138303237306562
64343565346661336535316366616635633433386531626439613365623132393832663232393334
31333036633038306636653964643335396534646266303635373237376537643163323939366636
32333661623465326237333736613439366365373536313636366363326233316132633533393936
39363463333435383131623035343933383533366237363831623566616665366533343737356564
61623438373531363662396662326438623531353061306666646231363032313061633233373463
61313037396666643464633966653361383462303933313636633566633766393339346339323439
353139316363336630663632346433313933
